Header content:

00000000:04 40 89 45 82 35 5B 81 |...E.5..  
00000008:6D 48 00 00 E1 10 6D 00 |mH....m.  

User memory content:

00000000:38 20 6C 65 30 34 34 30 |8.le0440  
00000008:38 39 38 32 33 35 35 42 |8982355B  
00000010:38 31 78 30 30 30 30 35 |81x00005  
00000018:43 00 00 00 00 00 00 00 |C.......  
00000020:00 00 00 00 00 00 00 00 |........  
00000028:00 00 00 00 00 00 00 00 |........  
00000030:00 00 00 00 00 00 00 00 |........  
00000038:00 00 00 00 00 00 00 00 |........  
00000040:00 00 00 00 00 00 00 00 |........  
00000048:00 00 00 00 00 00 00 00 |........  
00000050:00 00 00 00 00 00 00 00 |........  
00000058:00 00 00 00 00 00 00 00 |........  
00000060:00 00 00 00 00 00 00 00 |........  
00000068:00 00 00 00 00 00 00 00 |........  
00000070:00 00 00 00 00 00 00 00 |........  
00000078:00 00 00 00 00 00 00 00 |........  
00000080:00 00 00 00 00 00 00 00 |........  
00000088:00 00 00 00 00 00 00 00 |........  
00000090:00 00 00 00 00 00 00 00 |........  
00000098:00 00 00 00 00 00 00 00 |........  
000000a0:00 00 00 00 00 00 00 00 |........  
000000a8:00 00 00 00 00 00 00 00 |........  
000000b0:00 00 00 00 00 00 00 00 |........  
000000b8:00 00 00 00 00 00 00 00 |........  
000000c0:00 00 00 00 00 00 00 00 |........  
000000c8:00 00 00 00 00 00 00 00 |........  
000000d0:00 00 00 00 00 00 00 00 |........  
000000d8:00 00 00 00 00 00 00 00 |........  
000000e0:00 00 00 00 00 00 00 00 |........  
000000e8:00 00 00 00 00 00 00 00 |........  
000000f0:00 00 00 00 00 00 00 00 |........  
000000f8:00 00 00 00 00 00 00 00 |........  
00000100:00 00 00 00 00 00 00 00 |........  
00000108:00 00 00 00 00 00 00 00 |........  
00000110:00 00 00 00 00 00 00 00 |........  
00000118:00 00 00 00 00 00 00 00 |........  
00000120:00 00 00 00 00 00 00 00 |........  
00000128:00 00 00 00 00 00 00 00 |........  
00000130:00 00 00 00 00 00 00 00 |........  
00000138:00 00 00 00 00 00 00 00 |........  
00000140:00 00 00 00 00 00 00 00 |........  
00000148:00 00 00 00 00 00 00 00 |........  
00000150:00 00 00 00 00 00 00 00 |........  
00000158:00 00 00 00 00 00 00 00 |........  
00000160:00 00 00 00 00 00 00 00 |........  
00000168:00 00 00 00 00 00 00 00 |........  
00000170:00 00 00 00 00 00 00 00 |........  
00000178:00 00 00 00 00 00 00 00 |........  
00000180:00 00 00 00 00 00 00 00 |........  
00000188:00 00 00 00 00 00 00 00 |........  
00000190:00 00 00 00 00 00 00 00 |........  
00000198:00 00 00 00 00 00 00 00 |........  
000001a0:00 00 00 00 00 00 00 00 |........  
000001a8:00 00 00 00 00 00 00 00 |........  
000001b0:00 00 00 00 00 00 00 00 |........  
000001b8:00 00 00 00 00 00 00 00 |........  
000001c0:00 00 00 00 00 00 00 00 |........  
000001c8:00 00 00 00 00 00 00 00 |........  
000001d0:00 00 00 00 00 00 00 00 |........  
000001d8:00 00 00 00 00 00 00 00 |........  
000001e0:00 00 00 00 00 00 00 00 |........  
000001e8:00 00 00 00 00 00 00 00 |........  
000001f0:00 00 00 00 00 00 00 00 |........  
000001f8:00 00 00 00 00 00 00 00 |........  
00000200:00 00 00 00 00 00 00 00 |........  
00000208:00 00 00 00 00 00 00 00 |........  
00000210:00 00 00 00 00 00 00 00 |........  
00000218:00 00 00 00 00 00 00 00 |........  
00000220:00 00 00 00 00 00 00 00 |........  
00000228:00 00 00 00 00 00 00 00 |........  
00000230:00 00 00 00 00 00 00 00 |........  
00000238:00 00 00 00 00 00 00 00 |........  
00000240:00 00 00 00 00 00 00 00 |........  
00000248:00 00 00 00 00 00 00 00 |........  
00000250:00 00 00 00 00 00 00 00 |........  
00000258:00 00 00 00 00 00 00 00 |........  
00000260:00 00 00 00 00 00 00 00 |........  
00000268:00 00 00 00 00 00 00 00 |........  
00000270:00 00 00 00 00 00 00 00 |........  
00000278:00 00 00 00 00 00 00 00 |........  
00000280:00 00 00 00 00 00 00 00 |........  
00000288:00 00 00 00 00 00 00 00 |........  
00000290:00 00 00 00 00 00 00 00 |........  
00000298:00 00 00 00 00 00 00 00 |........  
000002a0:00 00 00 00 00 00 00 00 |........  
000002a8:00 00 00 00 00 00 00 00 |........  
000002b0:00 00 00 00 00 00 00 00 |........  
000002b8:00 00 00 00 00 00 00 00 |........  
000002c0:00 00 00 00 00 00 00 00 |........  
000002c8:00 00 00 00 00 00 00 00 |........  
000002d0:00 00 00 00 00 00 00 00 |........  
000002d8:00 00 00 00 00 00 00 00 |........  
000002e0:00 00 00 00 00 00 00 00 |........  
000002e8:00 00 00 00 00 00 00 00 |........  
000002f0:00 00 00 00 00 00 00 00 |........  
000002f8:00 00 00 00 00 00 00 00 |........  
00000300:00 00 00 00 00 00 00 00 |........  
00000308:00 00 00 00 00 00 00 00 |........  
00000310:00 00 00 00 00 00 00 00 |........  
00000318:00 00 00 00 00 00 00 00 |........  
00000320:00 00 00 00 00 00 00 00 |........  
00000328:00 00 00 00 00 00 00 00 |........  
00000330:00 00 00 00 00 00 00 00 |........  
00000338:00 00 00 00 00 00 00 00 |........  
00000340:00 00 00 00 00 00 00 00 |........  
00000348:00 00 00 00 00 00 00 00 |........  
00000350:00 00 00 00 00 00 00 00 |........  
00000358:00 00 00 00 00 00 00 00 |........  
00000360:00 00 00 00 00 00 00 00 |........  
00000368:00 00 00 00 00 00 00 00 |........  
00000370:00 00 00 00 00 00 00 00 |........  

Footer content:

00000000:00 00 00 BD C4 00 05 FF |........  
00000008:10 05 00 00 00 00 00 00 |........  
00000010:00 00 00 00             |....      